QRAG 4-bit Residuals + 8-bit E1 Metrics
n_docs: 20000
embedding_dim: 768
projection_dim: 256
n_test_queries: 30
fit_time_s: 1.4508590698242188
mean_recall_at_10: 0.7233333333333334
std_recall_at_10: 0.1145522685162639
mean_search_time_ms: 2.0029306411743164
compression_ratio: 1.8456995201181248
memory_stats_mb: {'residuals_mb': 7.32421875, 'e1_projections_mb': 4.8828125, 'faiss_index_mb': 19.53125, 'metadata_mb': 0.0078125, 'total_mb': 31.74609375}
